467.26,553.35
451.46,375.08
548.50,456.32
386.02,465.35
406.33,404.42
532.70,535.30
404.08,526.27
514.65,404.42
426.64,542.07
543.98,469.86
487.57,551.10
505.62,551.10
537.21,517.25
546.24,494.68
390.54,481.14
390.54,496.94
392.79,451.81
395.05,420.21
417.62,393.14
433.41,384.11
474.03,379.60
496.60,388.62
496.60,390.88
523.67,411.19
537.21,426.98
543.98,442.78
397.31,508.22
401.82,524.02
446.95,548.84
435.67,542.07
415.36,539.81
519.16,384.11
487.57,381.85
505.62,393.14
392.79,426.98
523.67,544.33
